# maturity time: 1.000000
# model size: 1
# number of dates: 365
# spot: 100.000000 
# dividend rate: 0.000000 
# correlation: 0.000000
# volatility: 0.200000 
100.000000 
99.937292 
100.014911 
99.466949 
97.906782 
97.819487 
97.760853 
98.043102 
97.930283 
98.709982 
96.897963 
96.265788 
95.574196 
94.649277 
96.385019 
97.974535 
97.556183 
97.312093 
99.068225 
101.103467 
101.188616 
101.608271 
103.392435 
102.784377 
101.152063 
100.762919 
101.217504 
100.726262 
101.097882 
100.223704 
98.985057 
98.119034 
99.530366 
99.381655 
98.991115 
99.252852 
100.087527 
100.818563 
101.456277 
100.335033 
101.063054 
100.538174 
100.725680 
102.988470 
101.247335 
100.593215 
99.748920 
99.859386 
100.902727 
101.384112 
99.771303 
100.058156 
100.920411 
101.005746 
102.541659 
102.734623 
102.416849 
102.116357 
101.775800 
102.157071 
102.248694 
103.498336 
103.866541 
103.324039 
100.762724 
99.986600 
99.763279 
100.985422 
99.640066 
97.763762 
96.254492 
97.965074 
99.824015 
99.476494 
97.747499 
98.332337 
99.005119 
98.892359 
99.301671 
100.073897 
101.133292 
101.648437 
101.384860 
101.352021 
101.810983 
101.981901 
101.185474 
101.389122 
102.295422 
103.338109 
101.834715 
101.432887 
101.109256 
101.241019 
98.426839 
99.778043 
98.725360 
98.644496 
98.642654 
100.499230 
100.658701 
100.901128 
100.941708 
101.723372 
103.556893 
105.581477 
106.613310 
105.856732 
105.961949 
105.630831 
105.759460 
106.033407 
106.002985 
106.920037 
106.548806 
106.421562 
108.520534 
107.667033 
106.698343 
106.944281 
106.674530 
107.357919 
106.983523 
108.056053 
107.849071 
106.545830 
106.507552 
105.732741 
105.507305 
105.029573 
105.589688 
105.582585 
107.740883 
108.626930 
108.557877 
109.353486 
108.932048 
106.631716 
105.758034 
106.160861 
108.129415 
107.360064 
105.897858 
105.851066 
105.811808 
106.095024 
105.355145 
105.999546 
105.946345 
106.398226 
106.102812 
106.884323 
108.056403 
106.779429 
107.926925 
106.099375 
105.106506 
104.714972 
104.604198 
104.688635 
104.032801 
103.331495 
104.112890 
104.445039 
105.742082 
104.776800 
104.802435 
103.783877 
102.737297 
101.758802 
101.312064 
101.834422 
102.419780 
100.629935 
100.535601 
100.777927 
101.934979 
101.804016 
100.906224 
100.739513 
99.105669 
99.706290 
100.833335 
102.110834 
100.377931 
99.127767 
100.069130 
100.569366 
98.932217 
98.650829 
98.794041 
96.873520 
97.046930 
95.675706 
97.098915 
96.735401 
96.911801 
96.568371 
96.737273 
96.424405 
98.015565 
97.637858 
97.181381 
96.753450 
98.620062 
98.628321 
98.924355 
98.847563 
99.711491 
98.659606 
98.502572 
99.310585 
98.080087 
98.270955 
97.525572 
98.683441 
100.161263 
101.873988 
103.047601 
104.206907 
105.410936 
108.261705 
110.002903 
109.634371 
112.437726 
112.304565 
112.935067 
111.599812 
111.462337 
111.302290 
110.891427 
112.281959 
111.068694 
111.227305 
110.388597 
112.822849 
114.022738 
114.553360 
113.637445 
111.811256 
112.496965 
111.114241 
113.711370 
114.946790 
110.961932 
110.193383 
108.001753 
109.090242 
110.583577 
110.597179 
109.844706 
110.213083 
108.968000 
109.348830 
109.228550 
107.249807 
105.332512 
105.388777 
103.695191 
102.863206 
104.259036 
105.325653 
105.836355 
107.230711 
107.154976 
105.140266 
102.523939 
102.900130 
101.652330 
102.500692 
100.802095 
99.771362 
99.212495 
100.388569 
100.567302 
100.489555 
100.249260 
100.918961 
101.402596 
101.391922 
101.245569 
101.631125 
103.781827 
103.483898 
105.143430 
105.443864 
105.226455 
104.777254 
105.009704 
105.513278 
105.860534 
107.311377 
107.323691 
107.828000 
109.711760 
110.295643 
108.947151 
110.578580 
110.614612 
110.339400 
111.056847 
112.852692 
113.578499 
115.102384 
115.680357 
114.976381 
114.719573 
114.173982 
116.199756 
115.231785 
115.364543 
116.403128 
116.266914 
114.252748 
115.543294 
115.540961 
115.388925 
115.848963 
116.404015 
114.646900 
113.338128 
113.472500 
113.304862 
112.791478 
113.015971 
111.231944 
112.943972 
112.747775 
111.977874 
112.809160 
112.890035 
112.375850 
108.797777 
109.296772 
108.726932 
107.499505 
106.342924 
104.688825 
106.406699 
107.289361 
108.424380 
108.547761 
109.915508 
109.113000 
110.335519 
109.833846 
110.139898 
109.764792 
109.839137 
111.316174 
111.996273 
113.688114 
112.742684 
114.132567 
115.353709 
114.700202 
113.116075 
112.444009 
111.626986 
112.612328 
112.561903 
112.908304 
112.775074 
113.477636 
114.783255 
114.088379 
