# maturity time: 0.500000
# model size: 1
# number of dates: 150
# spot: 100.000000 
# dividend rate: 0.000000 
# correlation: 0.000000
# volatility: 0.200000 
100.000000 
100.246552 
102.423240 
102.426225 
104.837491 
106.011060 
106.497169 
106.670003 
104.144512 
105.433835 
106.161704 
105.606720 
106.551663 
107.590293 
107.364149 
107.825314 
107.965088 
108.472652 
109.480957 
111.110611 
111.302877 
111.407632 
112.996121 
113.242759 
113.191640 
113.105058 
112.167327 
111.506872 
111.507235 
110.357219 
109.029646 
106.615755 
104.460897 
103.381828 
103.019175 
103.336170 
105.764668 
104.909260 
106.814837 
108.030828 
106.963151 
107.511677 
105.172313 
104.153669 
105.341244 
107.163937 
107.625167 
106.937828 
107.352810 
107.588882 
108.310277 
108.070744 
107.633411 
105.223763 
103.962590 
105.294661 
105.037389 
102.864559 
103.906322 
104.280445 
103.392727 
103.766389 
103.607417 
104.925867 
106.260499 
105.077307 
105.585394 
104.941106 
105.878750 
107.332536 
107.258785 
106.761128 
105.607036 
105.654925 
106.084428 
106.565160 
108.370408 
108.246726 
109.221025 
109.643777 
109.605858 
110.300131 
111.224348 
111.847950 
109.799231 
108.882455 
107.984470 
107.206550 
106.327386 
105.662808 
106.705008 
107.669826 
106.568556 
106.769998 
103.197034 
105.324387 
107.797319 
107.911608 
109.804506 
110.338815 
109.578495 
109.810937 
109.440359 
111.448915 
109.862889 
110.390926 
110.488050 
111.515602 
110.257226 
110.654106 
111.847021 
111.066345 
109.527539 
108.313818 
110.120719 
108.012626 
106.293014 
105.507898 
105.834098 
105.827564 
103.878443 
103.054719 
102.466130 
104.543554 
106.221184 
108.067758 
107.384551 
107.938932 
108.966563 
108.219755 
106.099800 
105.466787 
105.796888 
103.838266 
105.829194 
107.079380 
106.568678 
105.492240 
103.443013 
102.028366 
102.084959 
101.695042 
102.184729 
102.165626 
102.370632 
103.637531 
101.749557 
102.814757 
102.397017 
104.948784 
104.624662 
