# maturity time: 2.000000
# model size: 10
# number of dates: 150
# spot: 100.000000 100.000000 100.000000 100.000000 100.000000 100.000000 100.000000 100.000000 100.000000 100.000000 
# dividend rate: 0.000000 0.000000 0.000000 0.000000 0.000000 0.000000 0.000000 0.000000 0.000000 0.000000 
# correlation: 0.300000
# volatility: 0.200000 0.200000 0.200000 0.200000 0.200000 0.200000 0.200000 0.200000 0.200000 0.200000 
100.000000 100.000000 100.000000 100.000000 100.000000 100.000000 100.000000 100.000000 100.000000 100.000000 
100.580844 104.422652 101.183572 105.561147 103.915483 102.966625 102.521755 98.033208 104.058815 103.264266 
99.618274 105.965434 103.182401 105.673346 105.168332 103.752887 103.952513 100.285636 107.644592 104.644088 
99.892413 109.017056 104.388612 106.466624 105.882507 103.037852 103.503867 100.788320 106.234235 102.801455 
95.601005 103.537217 100.203056 103.144619 103.703105 104.682621 99.941178 101.749252 106.306800 99.289849 
96.667779 99.667925 97.835869 104.328727 106.314258 105.294571 98.721534 102.223775 106.554428 100.334615 
96.324127 98.849160 93.589898 101.019158 107.294383 103.726114 94.075542 102.486784 105.792851 97.578477 
97.105738 98.854619 96.030240 104.062765 106.236062 105.407634 93.854734 104.868324 109.310282 98.529927 
96.290146 96.634836 95.459880 104.138258 106.513723 108.132350 93.583866 106.418500 110.097710 98.568038 
97.598415 98.638680 97.253846 101.713840 105.423062 106.837280 92.479302 104.838579 108.690254 99.984711 
99.457507 97.325931 97.756683 95.810827 108.545891 111.067966 92.874311 108.376072 110.225053 99.404613 
99.966502 96.902309 101.170063 93.981553 109.783700 111.672558 94.790427 106.846464 111.345453 101.725063 
98.661338 94.037953 98.155059 95.563242 105.105740 107.064748 91.980251 105.471175 109.360397 96.729568 
97.187025 92.648208 101.219067 98.420637 108.960989 106.838683 93.551687 108.191353 109.177607 94.319275 
96.114071 92.944004 97.627597 101.079572 111.008212 105.966303 91.819175 104.240861 105.935219 93.643231 
95.463952 93.660997 97.651888 101.500386 113.613312 102.963396 93.536839 103.708649 110.753057 93.618102 
95.654588 91.113235 100.589193 96.076832 110.016559 100.535710 92.179847 103.922530 111.623889 94.184049 
97.715509 90.264156 99.949306 99.500079 110.261935 102.199587 92.927245 103.760439 113.743895 95.199879 
99.158321 94.991281 99.855903 101.831600 109.633061 99.443232 93.663628 102.627935 114.481947 99.448671 
98.835885 93.153999 99.100082 99.345723 105.125591 99.469023 91.001572 98.892780 116.321807 97.530377 
98.212231 93.767873 100.508295 97.251923 100.788988 102.358551 89.873351 99.923738 119.096816 96.532795 
97.971512 95.670092 102.994829 98.422454 98.217696 105.272065 90.008450 97.054118 118.224372 94.874538 
101.025704 95.346160 105.310976 97.068798 98.391511 108.028764 92.640567 99.256080 125.028652 97.046450 
103.252995 95.692081 107.093755 98.854664 101.383183 106.541903 94.519216 103.247367 126.260302 98.562763 
100.676163 93.753694 107.748517 98.246158 102.299873 108.071487 94.221720 104.230606 126.670933 97.368688 
101.428783 91.519667 106.557147 99.561217 103.062190 104.678361 96.963894 108.217807 129.997827 97.114868 
99.007441 90.135977 106.015848 96.533704 100.568697 104.471297 93.636253 107.560156 126.276306 100.221598 
96.892327 86.105887 107.921688 94.313280 103.526635 98.579393 91.638398 106.973368 127.569634 99.732069 
96.910612 84.353719 107.735140 93.922855 101.190770 95.063320 91.098642 109.057247 130.512884 101.804090 
99.336531 86.522643 107.704454 93.681985 98.021208 97.000244 90.541729 113.477728 129.561470 99.897025 
102.232353 87.263769 108.078253 102.506399 104.334843 96.494567 94.803548 117.326911 135.299007 101.115308 
102.704809 86.790101 110.031304 101.769464 106.294010 98.205013 96.161226 119.491294 138.782987 101.831824 
102.790812 86.810999 105.738199 100.465840 106.224117 94.323827 97.590149 114.996188 137.152897 99.780590 
103.250137 88.247514 109.875564 102.317419 105.574423 92.225866 98.084833 117.287485 140.222776 103.108819 
104.874592 87.252034 110.428755 103.290328 103.849752 93.755781 97.739184 115.761488 143.325739 106.572528 
107.064051 87.869537 109.788625 102.425436 99.912282 91.151996 97.848474 116.284884 146.630850 105.209532 
105.728095 87.840312 114.330633 100.007753 99.141086 90.631156 98.460125 115.061090 144.310438 103.461869 
107.013574 86.143320 111.563599 98.512277 98.553983 89.909553 100.711529 112.147656 141.053715 102.075619 
108.253443 85.765622 113.921554 98.955987 99.417503 89.648998 102.612150 115.609884 137.764760 102.211345 
105.618460 85.326881 107.941873 96.431905 98.159057 89.995714 98.705152 117.543340 132.306203 100.374941 
104.366845 84.903945 106.520617 98.649644 99.682955 90.621168 98.423934 115.824123 133.602861 100.925184 
105.648337 85.250965 106.888925 99.306761 100.436848 91.543964 97.434722 117.324732 132.155420 103.187767 
104.643745 84.250634 108.498886 99.838717 100.511668 88.978488 98.843729 119.529629 130.945331 101.388658 
104.692861 86.999180 109.075032 100.048960 100.629824 90.712729 99.668054 121.557362 136.046334 103.320111 
104.506680 87.633313 109.272963 99.858278 100.492457 89.787302 98.137948 119.978221 134.889452 97.669169 
107.566315 86.653486 110.379855 104.702044 100.978668 89.227814 101.310254 124.481055 136.781398 101.404111 
114.564027 84.685458 115.079510 106.620470 103.079836 92.927261 103.623781 129.105647 138.502877 101.799436 
113.357527 86.202037 115.260138 104.054962 102.095501 95.871235 102.378261 126.674852 144.103045 102.118119 
113.590672 86.151955 113.691985 103.221713 99.949370 94.898080 102.849488 128.518859 147.541820 100.646469 
114.669969 86.026252 114.561127 105.100320 98.831245 94.744229 100.454371 128.851550 149.345607 102.289769 
121.435344 88.497971 122.144063 110.990528 102.057695 96.098523 100.029936 129.854608 155.866778 102.535501 
123.023961 88.346845 123.042260 107.106290 100.384126 97.874831 99.463093 133.313508 154.306630 104.394147 
126.365364 92.260387 122.227858 111.596339 103.395934 100.922096 99.044545 140.280880 161.042498 105.549341 
123.587431 90.423398 121.281324 113.554823 101.618687 100.853024 99.380632 142.318937 160.407680 106.171629 
122.442763 89.615038 123.283480 117.203854 101.482538 102.696407 99.666981 143.634028 162.083068 104.138969 
122.105016 90.608162 123.961532 117.360417 103.539813 106.803773 97.470736 138.781071 166.718711 109.352948 
116.661497 90.347436 120.400416 117.023011 98.254699 104.838691 96.122204 140.418316 158.766190 104.237063 
114.096294 89.491167 121.184733 119.126008 97.728168 101.966709 95.243055 139.417017 155.989461 103.069819 
111.839569 87.992316 121.819956 116.796215 94.909428 99.397912 91.378413 136.662741 150.162629 100.166070 
112.626491 87.668055 120.524254 116.960464 96.710063 98.434495 91.077871 132.245636 157.478015 101.361767 
113.084371 87.176175 115.080869 115.340635 97.401272 97.278287 89.675369 137.086507 156.335738 102.140817 
117.765025 88.733587 118.729870 119.360565 98.192181 99.523232 91.883431 145.206950 158.745549 106.051979 
112.683434 83.233733 115.375345 113.272340 97.847994 94.444048 91.090545 138.752861 157.645848 102.479549 
114.646832 80.947357 114.731634 110.389409 97.366988 94.851637 89.506256 138.134615 160.024061 99.622705 
113.566559 80.671076 114.468908 107.907232 99.012925 95.773547 90.232355 136.034833 162.665373 102.011700 
114.153168 82.143517 113.905771 107.273982 97.818865 99.537466 89.486314 134.916289 161.281928 104.062131 
115.903919 81.059875 112.623520 103.011629 99.301547 100.831465 88.081087 136.145189 162.548991 105.858193 
117.079748 83.060010 114.340951 104.944072 98.813255 103.142118 86.566386 139.672018 166.198793 110.686237 
118.003503 84.963158 119.694217 104.810216 100.322175 102.405898 87.009877 140.730568 171.735847 112.661448 
112.909086 85.035459 117.357021 102.461293 96.124891 100.140238 87.295965 138.070020 169.236213 105.479314 
112.911565 86.328458 115.482005 103.598566 94.931739 101.107273 85.954788 137.336939 170.204445 104.621810 
110.306328 84.526700 113.774985 99.541572 92.348576 97.505797 84.156698 132.648300 166.632879 101.978188 
110.392090 86.249229 109.370560 98.398423 92.582957 96.833744 83.474531 127.667049 169.351251 102.883592 
108.451882 88.860593 112.596068 100.728011 94.758383 100.857914 86.553807 131.782814 175.043449 103.828520 
109.011639 82.221918 110.295619 97.059962 92.670624 102.319838 85.291453 128.142096 175.504784 100.190464 
111.623579 80.268690 112.441338 99.613884 92.237224 101.373959 86.001570 126.491587 172.966248 102.981383 
112.785103 81.923509 112.870801 98.703381 89.726878 100.769069 83.783747 126.645235 167.264833 99.622581 
111.211833 81.283082 112.444914 95.451883 90.455663 98.756138 81.350154 124.592931 164.298132 99.105347 
113.765478 81.242867 115.726205 96.809776 91.142973 96.212759 83.723261 123.104892 167.960753 100.249956 
114.998420 84.093215 116.835463 94.958800 94.973575 99.146512 85.066945 125.715318 173.813510 105.978488 
112.835676 83.961837 119.594158 93.940065 96.176182 100.076739 89.026510 124.532532 177.142497 110.245665 
113.102979 85.816499 121.672160 96.629527 96.222283 98.130860 92.023309 129.412803 177.052693 113.063790 
109.829080 86.240910 117.750958 96.977947 92.972906 96.343511 90.848920 128.582496 173.994203 111.510996 
106.958708 82.949666 117.271236 95.408315 90.480980 95.682151 91.168231 127.858390 174.544582 113.242140 
108.660664 85.186580 117.966389 95.622927 91.493208 96.864156 91.140527 126.841765 176.978610 111.504929 
109.986640 81.497249 113.090443 93.263963 89.600275 94.197207 90.555565 129.440285 175.314281 108.683904 
109.981461 81.458418 117.454010 91.191391 90.536327 94.274585 91.025419 130.693637 174.461296 112.953206 
110.534090 81.478723 120.910472 93.896181 89.854279 97.456324 95.295004 132.660473 177.334110 116.705874 
112.203660 81.038346 120.909806 95.154675 90.005875 96.595832 96.410667 128.523352 181.172295 115.633848 
109.321954 78.376840 115.676317 93.160727 85.467236 95.396049 94.284694 125.805809 180.273361 109.509494 
106.316053 75.798715 115.101497 89.475111 82.151098 95.870835 94.186295 123.521966 180.661968 112.407807 
104.830166 75.861303 113.096357 90.536455 82.346748 96.736032 90.170742 119.097232 176.491399 110.533976 
110.206661 76.706109 117.157811 91.643442 85.647066 99.354826 92.838150 120.924086 183.618356 112.826639 
109.381490 75.715759 117.830173 91.685500 87.566056 98.741307 93.874317 121.654149 182.923928 109.247839 
110.880531 75.002206 118.340004 93.509505 87.564703 97.831048 92.702044 121.282879 186.008246 110.021950 
107.924032 79.247850 119.719007 97.343097 89.937419 98.054659 91.231420 120.505499 190.488926 112.183979 
106.515034 77.206678 117.958245 95.343573 90.489479 97.960806 88.695904 122.100515 192.476753 111.457978 
103.586452 75.255536 113.774532 96.058222 92.933545 95.875897 88.895698 117.655689 190.457413 110.775561 
104.597264 77.690042 113.933200 94.310022 93.002790 96.605642 91.875177 120.147813 193.200305 114.026677 
106.845247 80.450389 113.805633 94.374236 91.902239 98.143736 91.050105 123.226483 195.164790 121.166932 
104.212619 83.353117 111.601832 93.336875 90.926965 97.146083 89.999801 121.836685 195.865428 119.684993 
101.572996 82.642436 114.274906 91.707719 90.055456 94.987398 90.130433 120.194296 192.933762 117.053579 
104.249176 84.587017 111.749649 89.310274 87.060910 94.078947 86.793566 120.431133 188.570388 118.214207 
101.799944 84.555435 107.979452 86.277693 84.571519 94.998588 83.693500 120.266940 178.923205 117.180222 
102.272591 85.371181 106.459960 86.069652 84.867593 93.518682 81.150812 121.172551 176.709163 115.055218 
103.671660 91.382938 107.906018 87.348323 87.537510 94.744654 83.489203 123.760225 180.859457 115.279999 
108.688033 92.652827 106.803044 90.334119 92.837819 98.270389 86.303643 124.420909 181.281678 119.842221 
112.264858 91.812562 106.409282 91.253507 91.930458 97.353397 87.159843 125.387009 183.528877 120.248101 
115.687753 95.972302 107.258583 94.455598 93.179305 98.103948 89.039027 125.744837 189.610807 120.094696 
122.132846 99.553233 108.252472 95.988661 97.831302 98.737586 87.334142 127.107414 194.680437 124.444869 
123.735410 97.483000 108.316763 94.970810 99.658309 99.603826 87.323110 122.984116 197.319156 124.225040 
126.432951 100.181664 108.295027 95.794513 99.576881 101.490148 89.640434 127.683669 203.963143 125.559885 
120.483682 104.186077 106.282039 96.183114 102.245141 103.185796 88.882327 129.039237 205.131609 121.867922 
116.412689 102.873586 99.125431 92.609698 103.826269 99.801628 83.427414 125.953077 189.150620 114.716214 
111.889691 101.890133 99.460182 95.738078 99.720346 98.523697 84.468862 126.668757 186.543291 110.642937 
112.664835 103.087082 97.992866 97.062393 102.525944 98.911310 87.016701 132.121586 194.036756 113.978596 
113.244001 100.293201 100.055550 96.146910 102.175757 96.830937 85.830131 130.145201 194.914767 114.087373 
113.758769 96.677199 95.829036 94.157757 103.325802 94.911379 83.230816 127.554191 193.072937 108.160872 
112.183383 95.686635 92.551084 92.182527 105.724268 95.053230 81.625959 124.367932 193.606316 107.485265 
114.286421 95.233410 90.406968 92.027360 104.750202 93.456350 82.457399 121.485965 195.345681 105.106191 
107.753117 96.616681 86.883769 91.294365 99.501896 92.489489 81.089183 122.249843 198.056370 102.160931 
110.346252 99.338035 88.005107 94.228121 98.867061 95.887737 83.303089 120.897786 193.839824 103.883088 
112.222358 98.192056 89.802048 97.518166 96.513394 98.219902 83.962851 117.579073 197.691388 101.729946 
112.017846 99.799206 88.957053 98.147330 98.121572 98.245045 85.344794 117.787424 203.704175 105.441792 
110.917275 99.910565 90.124193 98.128677 96.491837 99.771108 86.418947 115.376547 211.124291 106.981873 
108.855034 96.540323 88.274384 100.235432 96.101800 101.519323 83.298218 107.191828 204.628288 104.806387 
110.986540 100.774571 89.138577 105.149327 95.689149 97.928455 85.399799 109.749507 207.457332 107.533018 
109.520932 96.436404 90.364812 106.008218 94.831479 93.961553 81.435178 108.722345 206.124477 107.989027 
107.711794 99.830550 90.575630 104.762310 92.179036 92.626832 80.815310 106.404125 209.344306 109.717124 
108.371541 98.469489 87.187899 106.764926 92.948816 91.265850 78.848942 105.494215 209.655613 106.856348 
108.399656 99.536646 86.931926 106.711252 92.152964 93.241811 79.803640 105.541342 215.718812 106.513210 
107.539958 101.124225 87.339897 107.322727 89.487969 93.346001 78.879373 103.742349 215.496784 106.055593 
105.525813 99.503503 87.977964 103.083744 87.211342 93.037695 77.294997 105.348439 219.138055 105.085789 
105.412818 97.465047 88.368071 102.454275 85.393915 88.490434 76.071433 105.108970 212.137764 102.029706 
107.642038 99.053125 86.504922 103.536193 83.626024 87.325746 75.018206 106.507333 218.198474 104.830321 
110.379959 100.505339 87.096596 102.148709 85.029703 90.014523 76.954559 108.283953 216.335423 108.437001 
112.816826 101.507764 89.700934 102.815198 88.546758 91.526399 82.448738 111.311912 224.802020 114.265315 
110.270233 98.053536 86.719404 99.328903 88.749162 88.309722 82.257449 109.632035 226.931127 109.891004 
111.443199 101.759236 89.115954 103.160065 87.626579 91.329029 82.967314 110.987064 237.391700 112.114805 
111.267532 100.350592 86.834130 104.405193 87.905612 91.162804 84.731978 109.577858 240.111772 109.830639 
111.838541 98.626709 87.764666 102.827637 88.132557 92.443711 86.032692 110.736743 234.721762 110.590537 
111.811599 98.176499 90.129116 102.075641 89.841432 92.635644 85.257607 111.680552 235.853093 106.835267 
112.508786 98.151264 92.211781 99.071033 88.216186 92.835335 86.806917 110.847732 243.867879 106.334471 
111.044234 95.583064 88.912345 93.698885 88.323533 88.529642 86.527123 109.159497 236.264422 103.107210 
107.858740 95.987489 88.296788 95.613135 86.377786 86.330184 83.096232 106.574803 233.525015 100.262516 
109.003804 97.117232 92.406874 100.127106 87.025473 86.241476 81.187026 104.456847 241.418256 98.688728 
102.514833 97.177809 91.869569 99.352539 84.275226 86.151034 82.397704 105.742254 235.541168 100.554486 
100.551616 91.510573 91.604768 97.001676 88.034882 83.736966 81.567704 102.149627 239.427842 100.393584 
101.867560 91.288266 90.996330 99.536658 87.442717 85.923936 83.080803 100.478715 243.885719 100.170710 
103.306805 92.289880 88.049556 98.483906 89.437172 87.170979 85.472172 104.713461 246.630034 103.208256 
105.500848 93.409226 85.540079 97.660608 90.756903 89.840285 84.413664 104.974153 247.753304 100.486629 
