# maturity time: 2.000000
# model size: 1
# number of dates: 104
# spot: 100.000000 
# dividend rate: 0.000000 
# correlation: 0.300000
# volatility: 0.200000 
100.000000 
100.723905 
106.195000 
106.340403 
112.599029 
115.800575 
117.232193 
117.842585 
111.396587 
114.886939 
116.952939 
115.639822 
118.294216 
121.240103 
120.785623 
122.194068 
122.734116 
124.285837 
127.243963 
132.012191 
132.733750 
133.206832 
137.993547 
138.898322 
138.928020 
138.853058 
136.280827 
134.535933 
134.711762 
131.569486 
127.965870 
121.423731 
115.762537 
113.057739 
112.253129 
113.231472 
119.884264 
117.721270 
123.082531 
126.639269 
123.814496 
125.507902 
119.202794 
116.599770 
119.974314 
125.183460 
126.645802 
124.873800 
126.204641 
127.037091 
129.260374 
128.741846 
127.659659 
121.059465 
117.756351 
121.570732 
121.015495 
115.239085 
118.215639 
119.395494 
117.120712 
118.293439 
118.011723 
121.809081 
125.726936 
122.549577 
124.138778 
122.486009 
125.293732 
129.633953 
129.588235 
128.315228 
125.171150 
125.470316 
126.863518 
128.415368 
133.876385 
133.683130 
136.768936 
138.223248 
138.287876 
140.583595 
143.615944 
145.746702 
139.597674 
136.992146 
134.468555 
132.325204 
129.902255 
128.126841 
131.353761 
134.398976 
131.291128 
132.059349 
121.850613 
128.137642 
135.659302 
136.181711 
142.174573 
144.028813 
141.840507 
142.749475 
141.779067 
148.302042 
143.469443 
