-0,000589501
-0,00149812
-0,00119477
0,000718819
0,000448172
0,000735282
-0,000544285
0,000219143
-0,000105636
-8,68153e-05
-0,000943577
-0,000398989
0,000248333
0,000643192
0,00127933
-3,086e-05
-0,000817971
0,000148562
2,97272e-05
-0,000440143
-0,00043583
-0,00117322
-0,000134456
-0,000246562
-9,0339e-05
-0,00041739
0,000609858
-0,000219613
-0,00144483
-0,000753613
-0,000270008
-0,000860276
0,000796598
7,33454e-05
0,000752866
0,000744685
0,000321679
0,000372616
-0,00108246
-0,000964828
-0,000128591
-0,000189203
-0,000479585
-0,000426812
0,000228742
-0,000142477
0,000395756
0,0003796
0,000233984
-0,00119848
1,75681e-05
0,000181819
0,00102608
-0,00056201
0,000112131
0,000506602
-0,00108158
0,000184463
-0,000244398
-0,000765575
-1,69037e-05
-0,000248346
0,000464771
-0,000569664
-0,000744011
-0,00110276
0,000598211
0,000345772
-0,000472562
0,000255712
-0,000418983
0,000587959
0,00030656
0,00042529
0,000547569
-0,000221624
0,000113944
-0,000160376
0,000196046
-1,60161e-05
-0,000865235
-0,00120489
-0,000134304
0,000598949
-2,6549e-05
-0,000628147
-1,40484e-05
-0,000868686
-0,00131602
-0,000786907
0,00114908
0,000742111
-0,000370371
-0,000255383
-0,000484549
-0,00193534
0,000528087
0,000421414
-0,000359326
-0,00157165
-0,000380774
-0,000210492
0,000517543
0,000416926
-0,000609865
0,000470393
-0,00086111
-0,000102335
-0,000157422
0,000381388
-3,30737e-05
-1,12117e-05
-0,00130355
0,000402195
-3,87057e-05
2,76377e-05
1,61557e-05
0,00035576
-0,0020454
-0,000542058
-0,000444843
-0,000873031
-0,000717561
-0,00077051
-0,000593801
-4,24369e-05
3,54613e-05
9,89332e-05
0,000519317
0,00153422
-0,000162237
0,000172561
0,000428821
-0,000803841
-0,000192764
-0,000650434
9,94114e-05
-0,000223035
0,0004281
-0,000971193
0,000468426
0,000260392
9,92233e-05
-0,000572653
0,000329681
-0,000839986
0,000105561
-0,000740049
5,96604e-05
-0,000404258
0,000453086
-0,000979938
0,00109846
-0,000522598
0,000242785
6,11811e-06
-6,42777e-05
0,000428607
-0,000638762
9,19316e-05
-0,0002131
0,000598493
-0,00106117
0,000524511
-0,000207006
-0,00120897
3,96111e-05
-0,000443263
-0,000194845
-0,000337145
0,000177758
-0,000636024
-0,000559132
-0,00027346
-0,00099946
-0,00084977
-0,000650817
-0,000171345
-0,000396569
9,65529e-05
-0,000495139
0,000157199
0,000146345
2,97819e-05
-0,000333355
0,000483573
-0,000904455
0,00116568
-0,000257178
-0,000362859
-0,00042767
0,00038517
-0,000475403
-0,000408565
0,000475591
-0,00101445
3,89605e-05
-0,000646093
-0,000854289
0,000505817
-0,00063267
-7,09045e-05
0,00039264
-0,000397212
-0,000478582
0,000556234
-0,000165765
0,000758017
-2,11435e-05
-0,000356002
-0,000166925
0,000881834
-0,00028207
-0,00115417
-0,000201863
-0,000388631
-0,000590882
-0,000153427
-0,000772367
-0,000125815
0,00031335
-0,00048132
-8,43647e-06
0,00115898
-0,00149888
1,16793e-05
-0,000239374
-0,000875105
-0,000230465
0,000427525
0,000877547
0,000301332
-0,00178339
0,000660865
0,000423199
0,000179285
-0,000406034
-6,21652e-05
-0,000620201
-0,000392395
-0,000370515
0,000760715
0,000611674
-0,000334471
-0,00135736
-0,000259501
-0,000496943
-0,00023468
-0,000295994
-0,000164337
-0,000332958
-0,000259454
-0,0016599
0,000351188
0,000106191
0,000233386
0,000246619
-0,00118543
-0,00121991
-0,000593789
-0,000269604
0,000991
0,000102703
-0,00032686
8,35656e-05
0,000162142
0,00029997
-0,000818286
0,000216548
0,000792011
-0,000801694
0,000143754
-4,39866e-05
-0,000365942
-0,000349027
-0,000828181
0,000299845
-0,00158918
-0,00038185
-0,000412141
-0,000354739
-0,000246341
-0,000177906
-0,00139127
-0,000453389
-0,000249555
-0,000717056
-0,000511491
-0,000125211
-0,000502756
0,00076452
-0,00110719
0,000169486
0,000192962
-0,00112399
-0,000476186
-0,000893319
-0,00010126
-0,00106665
-0,000680676
-0,000118846
0,000435403
-0,000166476
-0,000778915
0,000228516
-0,00115309
-0,000109943
-0,000391363
-0,000666611
0,000471206
-0,000716465
0,000755979
-0,00172103
-0,000386165
0,00035127
-0,000112256
0,000304237
-0,000414539
7,58703e-05
0,000759852
0,000189187
1,69338e-05
0,000751185
-0,000779164
-0,000111425
-0,000114666
-0,000273487
-0,000338084
0,000419292
-0,000928296
-0,000220164
9,80509e-05
-0,000301129
-0,0011316
-0,000226859
-0,000262631
-4,53432e-06
0,000597967
0,000339035
0,000524252
-5,8669e-05
-0,000891122
0,000156067
0,000159917
-0,000165275
-0,00109585
-0,000577567
-0,000364135
-0,000496412
-0,000665489
-0,00110643
-0,000201635
-0,000841172
3,18621e-05
-0,000730711
-0,000351109
0,000514265
0,000546282
-0,000695239
-0,000889818
-6,29014e-05
-0,000612206
0,00045536
0,00017879
-0,000973902
0,000608181
-0,000492413
0,00110199
4,05852e-05
-0,000598661
4,04718e-05
0,000118127
-0,000171617
0,00034686
-0,00153534
-0,00103666
0,000248786
-0,00120525
-0,00020804
-0,000408916
-0,000548985
-0,000513663
-0,00134024
0,000528486
-0,00102733
0,000454504
-0,0005199
-0,000387871
3,23996e-06
-0,000916824
-0,00077576
-0,000665244
-0,000937445
-0,000287276
3,07737e-07
9,67044e-05
-0,000306987
0,000354754
0,00047071
0,000875719
-0,000207026
-7,48109e-05
-0,000879883
-0,000429769
0,00081339
0,000293398
0,000591773
-0,000275328
-0,00054161
0,00109649
0,00033229
-0,00011681
0,000130674
-0,000222017
-0,000621763
0,000470519
0,000969909
-0,000672908
-0,000191908
0,000230081
0,00110257
-0,000516615
-0,000470259
0,000807719
-0,000136988
9,21516e-05
0,000862154
-0,00165459
-0,00041984
-0,000724287
-0,000282796
-0,000162814
0,000330158
-0,000861688
-0,000488376
5,68621e-05
-0,000252541
0,000113264
9,9299e-05
0,000458053
-0,000924812
0,000161103
0,000712359
-0,00129452
-0,000260015
-0,000934254
-0,00100744
-0,000131922
-0,000126292
0,000539582
0,000378922
6,22513e-05
-0,000471785
-0,000531745
-0,000312186
0,000347981
-0,00118968
1,45146e-05
-0,000782002
8,65543e-07
-0,000840033
-0,00063686
-0,000533873
-0,000674128
-0,00039742
-0,000105398
-0,00064008
0,000109767
0,000380676
-0,000206225
-0,000718417
-0,000385993
-0,000224223
-0,000654992
-0,000469356
9,89572e-05
-0,000208718
0,000118253
-0,000644875
0,000399635
0,000540501
0,000325517
0,000992443
-0,000818101
1,0104e-05
-9,68655e-05
-2,09961e-05
-8,23079e-05
-0,00120961
-6,39322e-05
0,000466773
0,000391806
-0,000120702
-0,00123079
0,000295823
-0,000196017
0,000878329
0,000261019
-0,000563222
0,000473787
0,000900018
-0,00118699
0,000537926
-0,000685815
-0,00112502
0,0001124
0,000627079
0,000547343
0,000595215
0,00080404
-0,000157231
-0,000377598
-0,000583251
-0,000176516
-0,000323105
0,00057771
-0,00136553
-0,000348576
0,000856829
4,55983e-06
0,00118269
-0,000865946
-0,000455948
0,000144478
-0,00133676
-0,00042252
-0,000484804
-0,000566532
-0,000416918
-0,000417254
-0,000194573
-0,000578049
0,00117458
-0,000728729
-0,00118729
-0,00124494
-0,000247464
-0,000508684
-0,000171003
-0,000721313
-0,000431517
0,000142403
-1,02146e-05
-0,000655896
-0,000617733
-0,000667845
0,000232654
-0,000270012
-3,63748e-05
-0,0011872
-0,000807536
-0,000172212
-0,00120472
-3,24167e-05
-0,000747936
-0,00102073
0,000361179
-0,000515438
-0,000708774
-0,000456416
-0,000871997
-0,000965131
-0,00138306
0,0013891
0,000362537
-0,000711634
0,000772417
0,000336696
0,000728323
-6,33909e-05
-9,11771e-05
-0,000478823
0,000914177
0,000218957
0,000139034
0,00149424
0,000481926
-0,000337713
-0,000500268
-0,00101092
-5,55256e-05
-0,000400195
-0,000314766
-0,000231758
0,00015883
0,000734809
0,000175715
0,000737938
0,000327668
-0,000201212
-0,000373721
-0,000633935
-0,000565326
3,30592e-05
0,0008325
0,000305168
-0,00140688
0,000114806
-7,53793e-05
0,000140451
0,000318319
-0,000212723
0,000268143
-0,000346652
-5,51617e-05
-0,000670275
-0,000622263
0,000737285
-0,00151976
-0,00108346
0,000461568
-7,42263e-05
0,000826694
0,000378544
-0,000501331
0,000269924
-0,000853172
0,000363572
-3,72446e-05
-0,000216048
-0,000377123
0,000649382
-0,000257901
-0,0011126
-0,00017317
0,00027288
-0,00158451
-0,000398934
-0,00106149
-0,000487054
-0,000624636
0,000353051
-4,84753e-05
-0,000320683
-0,000393385
-0,000237649
0,0010349
-0,000235091
-0,00086247
0,000312461
-5,66351e-05
-0,000511354
-0,000656922
-9,01621e-05
-0,00109421
0,000141572
0,000715604
-0,000449842
-0,000937197
0,000189424
0,000147841
-0,00066501
-0,00113072
-0,000191729
-0,000504012
-6,18415e-05
0,000398846
-0,000577574
-0,000245048
-0,000298915
0,000624673
-0,000382836
0,000182554
-0,000201558
0,000264653
0,00113342
9,92332e-05
-0,00029702
-0,000314095
0,000915756
-1,88258e-05
2,90991e-06
-0,000654538
-0,000560412
-0,000153611
0,000160695
0,000186498
0,000527099
0,000194361
-0,000233045
-1,08869e-05
-0,000316121
-0,000671737
-0,00107075
2,64896e-05
0,00019365
0,000203763
-0,00012004
-0,00148119
-0,000832597
0,000122864
-3,7913e-05
0,000255251
-0,000610802
-0,000370037
-0,000827776
-0,000451993
-3,03583e-05
-0,000344313
-0,00131699
-0,00188027
-0,000382262
-2,00706e-05
0,000463853
0,000323678
-0,000261894
-0,000278826
-0,000404699
-0,00092903
-0,00104998
-0,00051495
0,000597487
-0,00115611
-0,000957521
8,40722e-05
-0,000882522
0,000279207
0,000206757
4,16026e-05
0,000408618
-0,000226615
0,000219899
-0,00134085
0,000715466
-0,00152896
-5,84667e-05
-0,000264147
-0,000406906
-0,00014231
0,000326478
-0,000527792
-0,00175037
-0,000587656
-0,000929871
-0,000445832
0,000949404
-5,1098e-05
0,000618485
-0,00136886
3,0155e-05
-0,000505461
-0,000719737
0,000456259
-0,000361453
0,000359707
-8,16415e-05
-4,73282e-05
0,000674382
-0,000889994
-0,00114342
0,000411679
-0,000442738
0,000176819
0,000604191
-0,000840327
0,000717447
0,00102789
0,000549061
0,000120063
-0,000669049
0,000294383
-0,00126376
-0,000652885
-0,000819211
-0,000570317
-0,00101155
-0,00194593
-0,000228524
0,000607522
0,000394807
-0,000441458
0,00048921
7,58704e-05
0,000152278
-0,000764914
-0,00173339
-0,000859362
-0,000193065
0,000610027
-0,000493925
0,000151867
2,79941e-05
-0,00154398
-0,000754486
-0,000166501
-0,000279495
0,00022252
-0,000396755
-0,00100402
0,00088008
-0,000421073
-0,000460778
-0,000966523
0,000182039
-0,000360427
0,000186856
-0,000886833
-0,000309145
-0,000736248
0,000147525
0,000203935
-0,000520882
-0,000413285
-2,71136e-05
-0,000509511
-0,000741451
-0,000873985
-0,000448555
0,000954927
0,000276774
-0,000184501
0,000521046
0,00067197
0,000105641
0,000206335
-0,000346124
-0,000594675
-0,000172829
0,00082447
0,000479257
-7,8994e-05
-0,000294779
-0,00100455
-0,000312466
0,000373638
-0,00110542
-0,000703346
-0,000238007
-0,000929993
0,00019121
-0,000348098
-0,000285824
0,000319616
0,000231782
0,000185973
0,000899819
5,70079e-06
0,000150376
0,000432747
0,000200987
-0,00114298
-0,000573633
0,00106666
-0,000638426
-0,000336291
-0,000329523
0,000379464
1,40577e-05
0,000188248
-0,000437447
-0,000808424
0,000549171
-0,00064412
6,98403e-05
0,000236089
-0,000233857
-0,000447162
-0,00110036
-0,000216561
-0,000248651
-2,78042e-05
0,000157014
-0,000794809
-0,000969992
-0,000236274
-0,000254785
-0,00216714
-0,00047795
0,000854296
-0,000746862
6,65941e-05
-0,000479543
0,000371827
-0,000209692
0,000305488
0,000725786
-0,000149066
0,000555823
-0,000525277
0,000711511
-0,000581164
0,000356568
0,00106548
-0,000413259
8,07011e-05
-0,000220966
0,000305379
-0,000284799
-4,08089e-05
0,000237493
8,68214e-06
-0,000363027
-0,00122634
-0,000570488
4,80922e-06
-0,000144398
-0,000420953
3,59078e-05
-0,000455206
0,000927417
-0,000666695
-0,000729782
-0,00010671
0,000448873
-0,000266888
0,000191284
0,000307762
-0,000255629
0,000976146
-0,000156749
-0,000310186
-0,000267671
-0,00180155
0,000163758
-0,00106262
0,000512408
-0,000926788
-0,00123557
-0,000741731
0,000398408
-7,87147e-05
9,42507e-05
-0,00028476
-0,000186906
0,000369849
-0,000195978
-0,000705107
0,000873698
0,000375108
-0,000422025
-0,000677621
-0,000404154
-0,00050896
0,00054411
-0,000439781
-0,000383531
-0,000611615
-0,000489504
-0,00027704
-0,000612788
-0,000428462
-0,000520538
-0,000421606
0,00022246
0,000420197
-0,000641529
-0,00134641
-0,000939353
-0,000362958
-0,000672942
0,000365218
0,00117387
-0,000497793
-0,000158191
6,71878e-05
0,000799563
0,000107515
0,000462252
-0,00216353
6,39998e-05
0,000215002
0,000299718
0,000600245
0,000185374
-0,000277152
6,67843e-05
-0,000359362
-0,00123464
-3,19843e-05
-0,000351208
-0,000273572
-0,000106035
0,0007248
-0,000147998
0,000543776
0,000387907
-0,000201147
0,000652495
-0,000471079
7,67077e-05
-0,000157691
-0,000512251
1,96481e-05
-0,000309679
0,000720586
0,0013701
-5,06558e-05
-0,000270237
0,000102168
-0,000136021
0,000270871
-5,10722e-05
0,00023936
-0,000204823
-0,000910818
0,000175792
0,000513581
-0,000936881
-0,00101002
-0,000825796
-7,88828e-05
