# maturity time: 1.000000
# model size: 5
# number of dates: 365
# spot: 100.000000 100.000000 100.000000 100.000000 100.000000 
# dividend rate: 0.000000 0.000000 0.000000 0.000000 0.000000 
# correlation: 0.000000
# volatility: 0.200000 0.200000 0.200000 0.200000 0.200000 
100.000000 100.000000 100.000000 100.000000 100.000000 
100.395566 99.139021 99.719895 99.490453 100.701720 
101.001972 98.884520 100.925855 98.164050 99.893751 
100.036535 97.364960 102.644751 97.949062 99.187349 
98.909105 98.734794 102.058039 97.759993 100.599299 
98.180105 98.845330 103.131089 97.758453 100.048305 
97.980334 100.690556 102.775424 100.028011 100.954500 
100.445526 99.097753 101.330703 100.471024 101.183203 
99.813603 98.943424 102.288594 101.190376 101.443870 
101.019694 98.307824 101.286727 101.930456 100.995903 
100.400462 98.658159 100.931853 102.081541 100.617158 
100.763362 99.428067 100.482740 102.660265 98.864522 
100.826055 99.240096 99.041169 101.880017 98.586085 
101.994896 99.879829 101.951451 101.564325 98.420257 
102.090350 97.536321 103.043737 100.728255 96.933315 
101.539518 98.708879 102.569906 101.568151 94.488710 
103.134997 99.794726 103.418316 99.908870 95.588581 
103.552878 99.610851 107.086263 99.797501 96.050154 
103.859644 98.490589 106.735500 98.629535 98.434889 
103.261722 97.782891 105.948799 96.905038 97.856434 
103.800765 98.112579 105.344570 96.687758 97.698566 
105.394847 98.926585 103.212466 96.454225 96.089608 
105.447858 100.896040 102.266049 95.445114 95.793393 
106.159525 101.226248 98.946355 95.694422 97.661906 
105.249973 100.861173 98.085974 95.575383 96.902372 
105.739339 100.071206 97.917493 97.167974 96.317150 
105.800525 100.212973 99.002830 97.668731 94.585060 
104.160843 98.951966 98.485532 98.346770 96.661746 
102.240410 98.307285 98.059673 98.660109 94.705496 
101.236891 99.960169 98.210483 97.929864 95.401832 
102.714413 101.046424 99.264138 98.438764 94.946455 
102.488037 101.221301 99.624406 97.778946 95.920102 
99.926350 101.182817 99.002245 97.885862 94.983623 
99.123828 99.322711 99.803378 97.266060 94.783503 
98.747059 99.729010 100.078078 96.654782 94.783186 
100.113474 100.950695 97.924818 96.959662 93.040905 
100.112977 100.527475 97.227672 97.744945 93.726483 
99.969945 100.299871 97.074056 97.294722 93.741369 
100.585159 99.877794 97.689747 98.390612 94.164835 
101.804896 100.024939 98.612781 95.838329 94.742835 
102.545694 98.584724 98.516477 94.444712 95.043543 
103.284875 98.661524 97.813176 94.033370 95.123998 
103.724750 98.179919 95.788904 91.505055 95.305386 
103.817297 96.494946 95.346734 92.789944 95.252948 
102.889859 97.769983 96.040569 94.815831 94.812875 
101.330718 97.172315 97.188179 96.618553 94.595803 
102.145687 97.432467 97.499550 94.678915 94.082176 
103.250343 97.132689 96.621808 93.822289 93.839266 
102.513561 97.303934 95.265961 94.867569 92.917653 
103.913259 96.054930 93.745520 93.671386 93.110449 
106.427819 96.830042 94.420699 92.569392 92.828802 
107.653361 96.340779 92.208209 94.868037 92.658110 
107.206736 94.742740 91.484553 94.609939 93.165437 
107.079145 94.808695 91.792655 93.245505 94.597303 
107.733002 95.544897 93.065357 92.393143 94.682364 
107.635655 95.327300 92.691218 92.390618 93.188975 
108.018619 94.560623 90.525857 91.528802 93.238927 
108.779081 92.029376 90.923857 91.528859 95.525171 
109.811390 92.707223 90.145009 90.830308 94.817110 
108.763602 93.615308 89.431435 92.349968 93.555661 
109.046720 92.985607 89.587930 92.158807 92.793370 
111.019235 91.626250 89.160997 92.601094 92.320449 
110.226715 92.911103 88.679546 92.911100 92.847155 
112.044276 92.641024 89.909931 92.935915 93.287833 
111.784306 91.216709 89.292453 92.029091 93.451729 
113.634860 92.275781 89.629683 92.395243 96.062526 
113.873427 92.353530 90.050752 93.118392 97.066399 
115.045699 92.051572 89.533009 92.912753 96.620377 
117.041644 91.808607 90.786400 92.408079 98.090913 
117.355519 90.869277 89.739040 91.347681 98.499503 
116.531471 90.612443 90.285522 92.622830 96.956325 
117.885740 90.711182 91.713541 94.205463 96.840943 
119.625574 89.547133 92.364952 92.948426 95.365496 
118.109207 87.031051 93.975133 91.472622 95.553090 
116.811121 87.012730 93.970972 90.009733 96.442051 
117.070792 87.424777 93.115997 90.443250 94.975951 
116.060129 87.651886 91.220306 90.844266 95.238906 
116.257423 87.277910 90.702632 91.285720 93.970790 
115.400043 86.368984 90.406635 90.615410 94.269809 
116.266101 86.404940 90.352319 90.615210 93.364366 
116.955342 85.287068 90.269689 89.942905 94.108863 
117.281989 86.183620 89.815248 90.074231 94.212559 
119.094721 85.515401 90.085133 89.919204 92.891786 
121.183134 85.201645 90.382003 88.773319 92.668203 
123.393422 86.178580 89.425153 88.355582 92.604679 
123.126839 84.922517 90.176283 88.176140 92.389214 
123.179397 83.495935 90.723170 88.049139 92.107593 
121.360973 82.965572 91.951096 88.758965 92.494681 
122.071025 82.668000 91.506839 88.427847 93.501880 
122.583364 82.154762 91.704145 86.815547 92.995995 
124.046476 82.228891 90.328660 86.184332 93.802741 
124.096937 82.115320 90.602165 86.901598 94.503888 
122.254707 79.531497 89.371213 86.840623 93.129811 
123.559835 79.455634 90.456098 87.458421 95.001818 
125.192762 79.032320 89.311006 87.620888 94.876040 
126.140180 77.032614 90.087148 87.215965 94.516001 
123.059825 76.126173 90.293788 86.672856 94.217618 
122.935943 75.888712 89.114639 85.810277 94.174207 
122.202460 76.656048 90.863034 85.746678 92.149239 
122.943331 76.684019 89.534961 87.081484 91.672058 
121.957012 76.304896 89.145652 87.968959 90.345532 
122.601334 76.278727 91.088892 88.441935 91.040136 
121.492181 76.612638 92.312886 87.792262 92.546311 
120.531557 76.135468 91.388965 87.964664 93.524937 
118.945308 76.472100 92.483874 88.618037 92.632043 
117.291653 76.093891 92.613741 88.355668 89.948675 
118.286709 76.732121 91.757587 86.641279 91.276883 
117.381598 76.385893 90.687156 83.639058 92.200727 
119.669582 77.653618 91.537611 84.678732 91.825965 
119.764038 76.671353 92.153481 83.703535 92.010028 
118.777532 75.543506 93.404141 84.624755 91.535256 
121.105934 75.856178 92.638344 85.025767 91.755592 
120.303132 75.256284 92.128161 85.075158 92.819361 
121.816568 75.006469 91.977437 86.312102 93.682923 
121.409472 75.749204 91.789390 85.900333 92.907855 
123.153444 75.885046 92.596998 85.837562 92.433601 
122.579360 75.577695 95.066880 84.198035 93.392970 
123.221886 76.621524 95.867354 84.714094 93.925324 
123.735048 75.723934 96.388238 84.953562 93.473934 
123.547015 76.482448 98.343886 84.262415 93.423517 
124.826604 76.609672 98.454686 85.894268 93.869382 
123.713677 78.062043 98.999224 85.716525 94.148060 
124.265974 77.599743 98.123116 85.388695 95.239259 
123.156807 76.735055 98.442908 86.392069 95.045987 
123.789250 76.353486 99.125058 86.943075 95.265246 
125.533136 75.709081 100.794043 88.422269 95.305015 
125.689521 75.628265 101.835569 87.180525 96.479518 
127.621635 75.209218 102.464834 87.648128 97.811878 
128.422819 75.801437 102.866244 87.594689 97.022928 
127.009363 77.618513 101.729881 86.111649 98.060146 
126.090283 78.893508 101.387835 86.714557 97.839367 
126.294187 78.959377 101.607348 86.410118 98.703986 
126.615918 81.016203 102.057931 85.472626 99.130352 
125.821066 83.510968 102.273970 86.946709 97.367681 
126.472749 84.799960 105.295692 86.435030 96.817140 
125.182145 84.957907 105.417245 85.117283 96.825332 
126.522937 87.547216 105.744504 85.873368 96.011132 
125.924370 87.135214 103.764797 86.567041 94.686880 
125.512539 88.909266 104.798546 86.869035 95.230953 
127.861602 89.030711 103.656983 86.093033 95.487195 
126.086032 89.820312 104.146438 85.242736 96.508331 
126.861606 89.706249 103.504817 83.577707 97.119135 
127.764767 91.887806 102.832612 83.214770 97.525876 
126.376042 91.366644 102.249041 83.169301 96.828520 
127.120420 90.475125 102.748290 83.025784 96.853424 
127.943544 90.003767 102.861471 82.382760 96.139023 
130.558418 88.903203 102.192810 82.110913 96.537356 
129.034948 87.542824 101.385914 82.742975 96.547714 
128.393553 86.249206 103.478100 83.687424 96.523897 
128.903876 86.178329 104.876101 83.049313 95.344376 
127.615211 85.259641 105.329377 82.687738 95.320032 
125.155866 86.471893 105.098101 83.309880 95.525296 
125.180692 84.778991 105.734403 83.896246 96.784814 
125.475568 84.697888 106.460168 85.372012 95.536726 
125.675420 85.315424 106.720926 84.803944 93.748658 
126.772517 85.787502 104.889286 84.859885 93.889961 
123.926237 86.247329 105.274261 85.914758 94.169205 
122.758707 87.573797 106.004392 86.401794 94.652769 
123.779486 86.723638 105.111014 86.984884 95.179219 
124.158977 86.938980 104.012519 84.923026 94.914522 
125.175443 87.592074 104.320619 84.405834 96.881588 
126.933588 87.400094 103.830010 83.869113 95.623851 
128.842367 86.216573 104.734611 84.767342 95.110753 
127.079438 84.654429 105.376610 83.871530 95.698682 
126.276972 84.086803 107.387338 83.777764 94.946456 
126.894226 83.711993 107.781992 84.958251 93.616148 
125.795308 83.549734 107.611945 84.564712 95.425325 
124.522560 83.165148 109.192597 83.142350 95.869054 
125.721366 82.346670 108.112652 82.716711 97.419286 
125.075461 82.656597 107.603223 82.431949 98.918908 
125.605377 81.758317 109.214173 82.070963 98.456935 
126.180054 81.457657 107.897460 81.618174 98.740828 
125.260846 80.894962 106.883241 80.899374 99.296945 
123.412242 80.881835 107.484600 79.991409 99.729037 
122.235744 81.988294 109.246810 80.080441 100.326492 
121.307115 82.208173 110.738322 80.532205 99.150585 
121.157900 82.234863 111.548478 80.163670 98.770269 
120.885995 82.445239 111.801623 80.191037 99.121330 
120.124146 84.337202 112.395238 80.507786 100.374404 
120.149565 84.521631 111.429095 80.376684 101.470179 
120.496651 86.054235 110.023902 81.070146 100.494991 
121.607006 86.661029 110.044373 79.821999 98.984532 
121.866552 86.010395 109.456806 79.658719 99.054005 
122.863875 84.655157 110.553387 79.400233 99.818251 
122.642551 83.683933 112.733322 79.278004 101.748684 
122.704112 82.460656 112.054793 79.406456 100.212694 
125.732221 81.231079 112.560159 80.838877 99.470985 
125.735475 82.054333 113.625456 80.254777 98.454062 
126.467700 80.737002 113.854689 80.652368 97.489275 
126.845352 81.221638 113.984846 79.821913 96.956109 
127.874403 81.065669 113.020138 80.935350 96.505897 
128.471167 80.669395 113.335437 81.234481 96.975241 
128.054318 80.577093 114.810091 82.948255 96.653793 
124.730173 79.640748 114.917350 82.845874 96.688007 
125.406574 81.081092 114.245676 82.768975 97.045151 
126.474134 79.588047 115.566727 83.065428 96.183077 
124.436915 80.471315 115.745302 82.861152 95.118280 
124.085735 80.168036 116.060550 82.920759 94.332383 
125.491798 80.004954 118.176163 82.352859 94.572699 
125.605944 80.867673 118.951853 83.005874 93.200413 
127.606330 80.874313 119.443685 81.969177 91.431869 
128.577940 81.495786 121.683798 82.093922 92.470884 
127.191759 81.425414 124.023717 81.621371 91.012787 
128.743523 81.844332 126.050516 82.074037 92.042168 
127.327536 82.076081 125.659392 81.189269 91.786578 
129.300785 82.540323 127.252938 82.621174 92.324599 
128.789147 81.574884 126.053167 82.828463 92.572918 
130.753683 82.678307 123.586064 84.515198 91.992254 
131.628168 83.040916 126.603895 85.074885 91.270305 
133.093262 82.720038 128.188430 85.402897 91.872180 
134.033806 81.293752 128.076133 86.042699 90.074935 
132.093972 80.741352 130.601568 85.190895 91.556473 
133.439723 80.818953 130.872634 84.763013 92.445088 
131.084600 80.603634 129.779863 83.007888 93.995323 
131.358730 81.314993 128.807350 83.946930 93.239581 
130.120823 81.191569 128.755647 84.040119 91.839671 
131.618479 83.258599 128.398524 85.535494 91.773862 
129.666729 82.105972 128.431313 84.773155 90.718517 
130.153284 81.188350 129.662978 86.065885 91.256327 
130.472829 81.596288 130.528057 87.147767 91.773836 
127.469943 80.979668 132.267191 85.868251 92.060949 
124.658088 80.906645 132.861189 85.293708 90.128031 
122.776536 81.639108 132.356894 84.514744 88.980149 
122.861402 81.404118 132.155477 85.015660 91.149082 
124.582127 82.326065 130.221170 84.784084 91.935960 
125.120325 83.006823 130.443480 84.801413 92.736364 
126.109968 83.343147 130.930199 84.437410 92.460854 
127.920315 84.286030 130.130589 83.824571 93.252913 
129.834681 85.311695 126.810571 84.433232 92.896832 
131.510053 85.049337 127.587085 85.191344 94.056541 
130.915212 85.350716 128.324672 86.003651 93.895304 
133.087909 83.549961 128.729067 87.975860 95.500337 
135.302790 83.772168 129.250852 90.592825 93.516416 
133.055105 83.150089 131.345528 90.666926 92.968822 
132.427958 84.503699 127.849080 89.790424 92.103053 
132.212797 82.221390 124.321729 89.523719 92.304637 
132.903147 83.708488 125.796508 89.379307 93.863654 
134.577426 81.123130 127.289779 88.490193 94.946436 
133.488912 82.463777 128.911256 87.894681 95.875268 
133.849626 82.633428 129.454848 88.095189 95.535331 
135.311632 82.811155 128.531778 87.384504 95.064658 
135.335481 82.904661 128.778105 87.581135 94.408004 
134.031468 81.868188 129.388793 87.714053 95.265881 
134.018240 81.281937 130.292445 87.161377 96.403952 
131.280927 82.175564 132.462750 86.663191 95.659768 
131.655721 82.894262 132.069102 86.940247 96.737991 
132.528152 80.660038 130.398871 86.792066 95.638167 
134.772598 80.797327 129.948724 85.506066 94.834279 
134.118761 80.649004 129.916561 83.391910 95.315242 
135.182110 80.782787 129.217402 82.888205 95.508993 
133.460481 78.838919 127.466344 83.348502 95.330543 
133.219958 78.629006 127.759406 82.631421 95.762631 
132.778435 79.639736 129.822246 81.438931 94.787994 
131.429669 78.431901 129.332408 82.452066 95.392892 
134.884214 78.131495 126.843564 81.433461 96.762542 
134.489072 77.802388 128.000637 81.280647 94.266446 
135.046429 78.263752 127.190438 81.633283 95.521989 
136.631489 79.658254 127.116569 81.340065 96.080969 
135.965761 79.626057 126.980169 81.737872 97.943955 
134.917563 78.498271 126.034262 82.523174 98.822150 
135.975975 78.642017 127.078073 83.455335 98.491831 
134.669463 79.265952 129.543857 83.104794 98.651285 
137.443461 79.387896 131.290135 83.487958 96.696730 
139.280265 78.462724 130.429392 83.957896 96.757792 
138.425112 78.501712 129.210224 86.216726 94.429284 
138.811037 78.423886 128.279011 86.018269 94.640810 
138.799050 78.666880 130.645011 85.378516 95.787143 
140.361921 79.389260 128.359595 86.646269 93.532322 
142.004371 79.542689 127.695091 85.843717 93.328727 
141.351306 80.853351 125.568521 86.527683 93.372617 
141.376740 79.910569 124.981921 86.028028 94.189271 
140.341094 80.282730 124.558418 85.833676 94.136307 
140.958254 78.446410 123.345375 85.368211 93.304208 
139.718230 79.904737 121.704581 83.510787 92.431478 
138.322921 80.828832 122.795403 83.544161 91.607000 
138.554796 80.999738 122.106784 83.566049 90.337438 
140.538803 80.849660 123.129365 82.936445 89.041254 
140.874208 79.141559 124.546197 82.596757 88.544088 
141.416166 81.269418 123.679582 81.676054 88.677566 
140.357598 81.971228 122.104098 83.228343 89.953151 
136.881683 82.003258 123.121333 83.330385 91.282413 
139.077148 80.821995 122.603429 82.806356 91.149529 
140.131186 81.636725 122.932149 82.647645 90.104130 
141.213609 80.762637 124.001072 82.984349 89.940062 
142.927709 81.701486 122.943992 84.793499 91.328936 
143.810635 81.924593 123.150109 85.258525 91.289728 
144.545323 81.447653 125.556118 85.363310 91.345664 
144.754007 81.979878 128.195077 86.100255 91.794293 
142.976732 81.453011 129.400821 85.195537 91.381234 
142.584886 81.542918 128.105641 87.400751 89.975184 
143.268187 80.898298 125.290782 86.490208 91.352150 
142.635889 80.661806 127.941544 85.406123 89.290436 
143.559318 80.767730 129.151631 85.489769 88.891498 
144.556090 82.879637 129.516595 85.219742 87.653744 
146.537531 81.521405 129.345255 84.736495 87.188574 
145.872835 80.583018 129.034770 84.147926 86.731699 
146.951207 80.315986 129.784081 85.199459 86.128627 
147.064800 80.023575 128.000282 85.556620 86.398697 
148.012649 80.494382 125.734884 85.068837 84.626954 
148.485848 79.478240 126.083728 84.598379 85.027971 
147.965008 78.937120 126.688208 85.622237 85.846158 
148.941877 78.700799 126.366494 87.899205 85.401361 
149.330054 77.804602 124.860957 87.432550 84.390760 
148.040362 78.625363 125.117536 85.644169 84.784486 
145.248532 77.829453 124.147628 87.334477 83.866879 
144.594769 76.179974 126.276564 87.442758 84.850262 
143.115242 76.194499 125.621493 86.227094 84.555265 
141.987819 77.628191 127.296349 86.305414 84.329598 
140.745728 77.393369 127.743024 84.353189 84.038006 
141.488881 77.461948 128.397112 83.993077 85.054595 
142.474745 76.788306 126.798590 84.915260 85.084542 
141.816267 77.530368 125.470454 84.178150 84.160356 
139.128185 79.076229 126.228097 84.818719 83.747358 
136.896724 78.906198 124.533516 85.487881 84.076150 
140.060608 80.096188 125.452999 85.074395 84.849911 
139.152337 79.926455 124.747313 85.478686 84.929663 
138.988046 78.885661 126.896906 84.829426 84.431673 
140.468884 78.379823 127.326894 84.599649 84.281750 
140.650644 77.722582 126.494015 84.437284 85.820924 
143.238494 76.807740 126.953680 84.930978 85.485533 
145.125811 78.118318 124.528129 84.647318 83.502295 
144.978997 79.317040 123.507524 83.812672 83.676391 
144.158133 79.669731 122.950802 83.689603 83.483545 
144.692876 80.381747 122.480550 85.052921 84.857411 
145.750424 79.594504 121.435714 85.723066 84.549755 
142.408629 79.376047 121.739880 85.920370 82.847722 
142.122236 79.278771 122.307593 86.224151 83.849976 
142.415891 80.006929 122.961577 86.662946 83.270097 
144.244168 79.375666 123.077484 86.628210 83.572620 
145.335727 79.947634 124.115650 88.375033 84.786616 
146.412262 80.243393 123.705494 88.906902 83.016034 
147.907098 81.508573 124.299660 89.295088 84.937213 
147.251750 79.572162 124.969789 90.228685 86.001853 
147.890958 79.962848 124.668334 90.487787 86.974015 
148.732835 79.074943 126.095075 91.417299 87.437294 
146.835030 78.632599 124.205968 92.833368 86.916749 
146.174881 79.121345 124.531765 91.795900 86.225808 
147.920735 77.951468 122.471408 91.816659 85.752607 
147.955360 77.996976 120.064931 92.430292 85.699619 
149.612102 77.366312 121.050202 92.087491 85.271556 
149.497722 77.877755 119.954679 90.583363 85.862882 
148.831772 76.855506 120.390576 91.721676 85.368593 
148.075843 77.267001 118.924073 91.875299 85.658984 
147.490689 78.063735 118.048502 90.979790 84.523477 
147.246520 79.161265 117.670084 90.907804 85.603392 
147.902259 79.661849 116.027828 91.663778 85.814045 
150.677984 78.970860 114.855437 92.752571 86.413382 
148.445595 79.136928 114.414154 93.251466 86.120348 
148.830005 79.851246 112.440994 94.253541 84.962876 
150.315018 78.251478 114.825417 93.404964 84.796777 
150.044550 78.275022 114.985508 93.359696 85.092031 
151.767343 79.025868 113.704327 94.110552 83.803489 
152.093687 77.260882 114.558876 94.178288 85.381678 
151.779178 76.478401 115.142444 92.080200 86.274792 
151.082456 76.129160 115.972531 91.394438 85.787305 
149.840531 76.393566 115.064505 91.726566 86.209094 
147.657923 76.370493 115.985091 91.896332 86.807458 
147.619817 75.443964 115.353964 93.739126 85.931042 
147.303352 76.129696 116.002056 93.872173 86.746144 
148.217064 75.918641 116.491203 94.288134 86.874325 
148.294293 74.590833 117.652116 94.367920 88.488326 
147.576654 75.803235 118.347196 93.097068 88.750929 
146.158464 76.023869 115.948843 92.291421 87.864815 
148.315178 75.891232 115.243502 90.973358 87.707149 
151.025836 75.922737 116.339797 91.972802 86.442442 
148.749686 75.883091 114.634397 91.774940 86.132700 
